{
 "cells": [
  {
   "cell_type": "code",
   "execution_count": null,
   "id": "1b93277a",
   "metadata": {},
   "outputs": [],
   "source": [
    "# run if necessary\n",
    "#%pip install numpy scipy matplotlib\n",
    "#%pip install torch torchvision\n",
    "\n",
    "# this file is mostly junk/scratchwork ish"
   ]
  },
  {
   "cell_type": "code",
   "execution_count": 200,
   "id": "e0c721a0",
   "metadata": {},
   "outputs": [],
   "source": [
    "import numpy as np"
   ]
  },
  {
   "cell_type": "code",
   "execution_count": 189,
   "id": "70652360",
   "metadata": {},
   "outputs": [],
   "source": [
    "rows,cols = 5,7\n",
    "B = np.random.choice([0,1], size=(rows,cols), p=[0.6,0.4])"
   ]
  },
  {
   "cell_type": "code",
   "execution_count": null,
   "id": "26c44a1c",
   "metadata": {},
   "outputs": [],
   "source": [
    "def normalized_biadjacency(B):\n",
    "    B = B.astype(float)\n",
    "    deg_row = B.sum(axis=1)\n",
    "    deg_col = B.sum(axis=0)\n",
    "\n",
    "    deg_row[deg_row == 0] = 1\n",
    "    deg_col[deg_col == 0] = 1\n",
    "\n",
    "    row_scaling = 1 / np.sqrt(deg_row).reshape(-1, 1)  # shape: (rows, 1)\n",
    "    col_scaling = 1 / np.sqrt(deg_col).reshape(1, -1)  # shape: (1, cols)\n",
    "\n",
    "    B_tilde = B * row_scaling * col_scaling\n",
    "    \n",
    "    return(B_tilde)\n",
    "\n",
    "def build_block_matrix(B):\n",
    "    m,n = B.shape\n",
    "    A = np.block([[np.zeros((m,m)),B],\n",
    "                   [B.T, np.zeros((n,n))]])\n",
    "    return A\n",
    "\n",
    "def filter(x): #replace this one with anything\n",
    "    return np.exp(-x)\n",
    "def h(x): #even part\n",
    "    return 0.5*(filter(x) + filter(-x))\n",
    "def g(x): #odd part\n",
    "    return 0.5*(filter(x) - filter(-x))\n"
   ]
  },
  {
   "cell_type": "code",
   "execution_count": 191,
   "id": "a35e20f3",
   "metadata": {},
   "outputs": [],
   "source": [
    "B_tilde = normalized_biadjacency(B)"
   ]
  },
  {
   "cell_type": "code",
   "execution_count": 192,
   "id": "103e8389",
   "metadata": {},
   "outputs": [
    {
     "data": {
      "text/plain": [
       "array([[0.        , 0.25819889, 0.31622777, 0.        , 0.31622777,\n",
       "        0.25819889, 0.4472136 ],\n",
       "       [0.28867513, 0.        , 0.35355339, 0.25      , 0.        ,\n",
       "        0.28867513, 0.        ],\n",
       "       [0.        , 0.        , 0.        , 0.5       , 0.        ,\n",
       "        0.        , 0.        ],\n",
       "       [0.25819889, 0.25819889, 0.        , 0.2236068 , 0.31622777,\n",
       "        0.25819889, 0.        ],\n",
       "       [0.33333333, 0.33333333, 0.        , 0.28867513, 0.        ,\n",
       "        0.        , 0.        ]])"
      ]
     },
     "execution_count": 192,
     "metadata": {},
     "output_type": "execute_result"
    }
   ],
   "source": [
    "B_tilde"
   ]
  },
  {
   "cell_type": "code",
   "execution_count": 193,
   "id": "5f30d8a8",
   "metadata": {},
   "outputs": [
    {
     "name": "stdout",
     "output_type": "stream",
     "text": [
      "[[0.         0.         0.         0.         0.         0.\n",
      "  0.25819889 0.31622777 0.         0.31622777 0.25819889 0.4472136 ]\n",
      " [0.         0.         0.         0.         0.         0.28867513\n",
      "  0.         0.35355339 0.25       0.         0.28867513 0.        ]\n",
      " [0.         0.         0.         0.         0.         0.\n",
      "  0.         0.         0.5        0.         0.         0.        ]\n",
      " [0.         0.         0.         0.         0.         0.25819889\n",
      "  0.25819889 0.         0.2236068  0.31622777 0.25819889 0.        ]\n",
      " [0.         0.         0.         0.         0.         0.33333333\n",
      "  0.33333333 0.         0.28867513 0.         0.         0.        ]\n",
      " [0.         0.28867513 0.         0.25819889 0.33333333 0.\n",
      "  0.         0.         0.         0.         0.         0.        ]\n",
      " [0.25819889 0.         0.         0.25819889 0.33333333 0.\n",
      "  0.         0.         0.         0.         0.         0.        ]\n",
      " [0.31622777 0.35355339 0.         0.         0.         0.\n",
      "  0.         0.         0.         0.         0.         0.        ]\n",
      " [0.         0.25       0.5        0.2236068  0.28867513 0.\n",
      "  0.         0.         0.         0.         0.         0.        ]\n",
      " [0.31622777 0.         0.         0.31622777 0.         0.\n",
      "  0.         0.         0.         0.         0.         0.        ]\n",
      " [0.25819889 0.28867513 0.         0.25819889 0.         0.\n",
      "  0.         0.         0.         0.         0.         0.        ]\n",
      " [0.4472136  0.         0.         0.         0.         0.\n",
      "  0.         0.         0.         0.         0.         0.        ]]\n"
     ]
    }
   ],
   "source": [
    "A = build_block_matrix(B_tilde)\n",
    "print(A)"
   ]
  },
  {
   "cell_type": "code",
   "execution_count": 194,
   "id": "64d0557f",
   "metadata": {},
   "outputs": [],
   "source": [
    "eigs, vects = np.linalg.eig(A)\n",
    "v = np.diag(eigs)\n",
    "u = vects\n",
    "u_inv = np.linalg.inv(vects)"
   ]
  },
  {
   "cell_type": "code",
   "execution_count": 195,
   "id": "790a3cc1",
   "metadata": {},
   "outputs": [
    {
     "data": {
      "text/plain": [
       "array([[ 1.28299578e+00,  1.02996808e-01,  2.71184285e-03,\n",
       "         1.28080506e-01,  4.99207240e-02, -2.53871039e-02,\n",
       "        -2.97846534e-01, -3.57029466e-01, -2.22531092e-02,\n",
       "        -3.58373960e-01, -3.02138067e-01, -4.88414744e-01],\n",
       "       [ 1.02996808e-01,  1.18766067e+00,  6.77788417e-02,\n",
       "         1.12905304e-01,  9.25430686e-02, -3.25580075e-01,\n",
       "        -2.77809197e-02, -3.85600499e-01, -2.92900420e-01,\n",
       "        -2.18918291e-02, -3.24194925e-01, -1.47590940e-02],\n",
       "       [ 2.71184285e-03,  6.77788417e-02,  1.12975100e+00,\n",
       "         6.13668490e-02,  7.76464734e-02, -1.97878189e-02,\n",
       "        -1.36097183e-02, -7.90462219e-03, -5.38442108e-01,\n",
       "        -6.40394777e-03, -1.15449003e-02, -2.39019871e-04],\n",
       "       [ 1.28080506e-01,  1.12905304e-01,  6.13668490e-02,\n",
       "         1.18737345e+00,  1.28062797e-01, -2.98142201e-01,\n",
       "        -2.98309469e-01, -2.58203026e-02, -2.68057018e-01,\n",
       "        -3.48462321e-01, -2.94975753e-01, -1.84025698e-02],\n",
       "       [ 4.99207240e-02,  9.25430686e-02,  7.76464734e-02,\n",
       "         1.28062797e-01,  1.16161615e+00, -3.70154667e-01,\n",
       "        -3.65630886e-01, -1.54739914e-02, -3.33134720e-01,\n",
       "        -1.80502148e-02, -2.33170600e-02, -7.02405439e-03],\n",
       "       [-2.53871039e-02, -3.25580075e-01, -1.97878189e-02,\n",
       "        -2.98142201e-01, -3.70154667e-01,  1.13874008e+00,\n",
       "         9.60550149e-02,  5.62069878e-02,  1.22586153e-01,\n",
       "         4.58970788e-02,  8.17637476e-02,  2.77799077e-03],\n",
       "       [-2.97846534e-01, -2.77809197e-02, -1.36097183e-02,\n",
       "        -2.98309469e-01, -3.65630886e-01,  9.60550149e-02,\n",
       "         1.12994051e+00,  4.63174844e-02,  8.48544098e-02,\n",
       "         8.78555700e-02,  7.37000604e-02,  6.20971042e-02],\n",
       "       [-3.57029466e-01, -3.85600499e-01, -7.90462219e-03,\n",
       "        -2.58203026e-02, -1.54739914e-02,  5.62069878e-02,\n",
       "         4.63174844e-02,  1.11847218e+00,  4.96419986e-02,\n",
       "         5.51827787e-02,  9.83673684e-02,  7.52079237e-02],\n",
       "       [-2.22531092e-02, -2.92900420e-01, -5.38442108e-01,\n",
       "        -2.68057018e-01, -3.33134720e-01,  1.22586153e-01,\n",
       "         8.48544098e-02,  4.96419986e-02,  1.23591373e+00,\n",
       "         4.05269231e-02,  7.22222266e-02,  2.42554598e-03],\n",
       "       [-3.58373960e-01, -2.18918291e-02, -6.40394777e-03,\n",
       "        -3.48462321e-01, -1.80502148e-02,  4.58970788e-02,\n",
       "         8.78555700e-02,  5.51827787e-02,  4.05269231e-02,\n",
       "         1.10579424e+00,  8.79296658e-02,  7.53572362e-02],\n",
       "       [-3.02138067e-01, -3.24194925e-01, -1.15449003e-02,\n",
       "        -2.94975753e-01, -2.33170600e-02,  8.17637476e-02,\n",
       "         7.37000604e-02,  9.83673684e-02,  7.22222266e-02,\n",
       "         8.79296658e-02,  1.11598443e+00,  6.25728753e-02],\n",
       "       [-4.88414744e-01, -1.47590940e-02, -2.39019871e-04,\n",
       "        -1.84025698e-02, -7.02405439e-03,  2.77799077e-03,\n",
       "         6.20971042e-02,  7.52079237e-02,  2.42554598e-03,\n",
       "         7.53572362e-02,  6.25728753e-02,  1.10455189e+00]])"
      ]
     },
     "execution_count": 195,
     "metadata": {},
     "output_type": "execute_result"
    }
   ],
   "source": [
    "eigs = filter(eigs)\n",
    "v = np.diag(eigs)\n",
    "u @ v @ u_inv"
   ]
  },
  {
   "cell_type": "code",
   "execution_count": null,
   "id": "97e0587c",
   "metadata": {},
   "outputs": [],
   "source": []
  },
  {
   "cell_type": "code",
   "execution_count": 204,
   "id": "387ec10e",
   "metadata": {},
   "outputs": [
    {
     "name": "stdout",
     "output_type": "stream",
     "text": [
      "[1.         0.65213438 0.41879842 0.35700676 0.25481437]\n"
     ]
    },
    {
     "data": {
      "text/plain": [
       "array([[-2.53871039e-02, -2.97846534e-01, -3.57029466e-01,\n",
       "        -2.22531092e-02, -3.58373960e-01, -3.02138067e-01,\n",
       "        -4.88414744e-01],\n",
       "       [-3.25580075e-01, -2.77809197e-02, -3.85600499e-01,\n",
       "        -2.92900420e-01, -2.18918291e-02, -3.24194925e-01,\n",
       "        -1.47590940e-02],\n",
       "       [-1.97878189e-02, -1.36097183e-02, -7.90462219e-03,\n",
       "        -5.38442108e-01, -6.40394777e-03, -1.15449003e-02,\n",
       "        -2.39019871e-04],\n",
       "       [-2.98142201e-01, -2.98309469e-01, -2.58203026e-02,\n",
       "        -2.68057018e-01, -3.48462321e-01, -2.94975753e-01,\n",
       "        -1.84025698e-02],\n",
       "       [-3.70154667e-01, -3.65630886e-01, -1.54739914e-02,\n",
       "        -3.33134720e-01, -1.80502148e-02, -2.33170600e-02,\n",
       "        -7.02405439e-03]])"
      ]
     },
     "execution_count": 204,
     "metadata": {},
     "output_type": "execute_result"
    }
   ],
   "source": [
    "U,S,Vh = np.linalg.svd(B_tilde, full_matrices=True)\n",
    "Sigma = np.zeros(B_tilde.shape)\n",
    "print(S)\n",
    "S = g(S)\n",
    "np.fill_diagonal(Sigma,S)\n",
    "U@Sigma@Vh\n"
   ]
  },
  {
   "cell_type": "code",
   "execution_count": 198,
   "id": "781db575",
   "metadata": {},
   "outputs": [
    {
     "ename": "ValueError",
     "evalue": "List at arrays[0] cannot be empty",
     "output_type": "error",
     "traceback": [
      "\u001b[31m---------------------------------------------------------------------------\u001b[39m",
      "\u001b[31mValueError\u001b[39m                                Traceback (most recent call last)",
      "\u001b[36mCell\u001b[39m\u001b[36m \u001b[39m\u001b[32mIn[198]\u001b[39m\u001b[32m, line 1\u001b[39m\n\u001b[32m----> \u001b[39m\u001b[32m1\u001b[39m filtered_A = np.block([[]])\n",
      "\u001b[36mFile \u001b[39m\u001b[32m~/repos/bipartite-gnnml3/.venv/lib/python3.14/site-packages/numpy/_core/shape_base.py:928\u001b[39m, in \u001b[36mblock\u001b[39m\u001b[34m(arrays)\u001b[39m\n\u001b[32m    778\u001b[39m \u001b[38;5;129m@array_function_dispatch\u001b[39m(_block_dispatcher)\n\u001b[32m    779\u001b[39m \u001b[38;5;28;01mdef\u001b[39;00m\u001b[38;5;250m \u001b[39m\u001b[34mblock\u001b[39m(arrays):\n\u001b[32m    780\u001b[39m \u001b[38;5;250m    \u001b[39m\u001b[33;03m\"\"\"\u001b[39;00m\n\u001b[32m    781\u001b[39m \u001b[33;03m    Assemble an nd-array from nested lists of blocks.\u001b[39;00m\n\u001b[32m    782\u001b[39m \n\u001b[32m   (...)\u001b[39m\u001b[32m    926\u001b[39m \n\u001b[32m    927\u001b[39m \u001b[33;03m    \"\"\"\u001b[39;00m\n\u001b[32m--> \u001b[39m\u001b[32m928\u001b[39m     arrays, list_ndim, result_ndim, final_size = \u001b[43m_block_setup\u001b[49m\u001b[43m(\u001b[49m\u001b[43marrays\u001b[49m\u001b[43m)\u001b[49m\n\u001b[32m    930\u001b[39m     \u001b[38;5;66;03m# It was found through benchmarking that making an array of final size\u001b[39;00m\n\u001b[32m    931\u001b[39m     \u001b[38;5;66;03m# around 256x256 was faster by straight concatenation on a\u001b[39;00m\n\u001b[32m    932\u001b[39m     \u001b[38;5;66;03m# i7-7700HQ processor and dual channel ram 2400MHz.\u001b[39;00m\n\u001b[32m   (...)\u001b[39m\u001b[32m    942\u001b[39m     \u001b[38;5;66;03m# algorithm is implemented which would likely be faster than the python\u001b[39;00m\n\u001b[32m    943\u001b[39m     \u001b[38;5;66;03m# version.\u001b[39;00m\n\u001b[32m    944\u001b[39m     \u001b[38;5;28;01mif\u001b[39;00m list_ndim * final_size > (\u001b[32m2\u001b[39m * \u001b[32m512\u001b[39m * \u001b[32m512\u001b[39m):\n",
      "\u001b[36mFile \u001b[39m\u001b[32m~/repos/bipartite-gnnml3/.venv/lib/python3.14/site-packages/numpy/_core/shape_base.py:962\u001b[39m, in \u001b[36m_block_setup\u001b[39m\u001b[34m(arrays)\u001b[39m\n\u001b[32m    960\u001b[39m list_ndim = \u001b[38;5;28mlen\u001b[39m(bottom_index)\n\u001b[32m    961\u001b[39m \u001b[38;5;28;01mif\u001b[39;00m bottom_index \u001b[38;5;129;01mand\u001b[39;00m bottom_index[-\u001b[32m1\u001b[39m] \u001b[38;5;129;01mis\u001b[39;00m \u001b[38;5;28;01mNone\u001b[39;00m:\n\u001b[32m--> \u001b[39m\u001b[32m962\u001b[39m     \u001b[38;5;28;01mraise\u001b[39;00m \u001b[38;5;167;01mValueError\u001b[39;00m(\n\u001b[32m    963\u001b[39m         \u001b[33mf\u001b[39m\u001b[33m'\u001b[39m\u001b[33mList at \u001b[39m\u001b[38;5;132;01m{\u001b[39;00m_block_format_index(bottom_index)\u001b[38;5;132;01m}\u001b[39;00m\u001b[33m cannot be empty\u001b[39m\u001b[33m'\u001b[39m\n\u001b[32m    964\u001b[39m     )\n\u001b[32m    965\u001b[39m result_ndim = \u001b[38;5;28mmax\u001b[39m(arr_ndim, list_ndim)\n\u001b[32m    966\u001b[39m \u001b[38;5;28;01mreturn\u001b[39;00m arrays, list_ndim, result_ndim, final_size\n",
      "\u001b[31mValueError\u001b[39m: List at arrays[0] cannot be empty"
     ]
    }
   ],
   "source": [
    "filtered_A = np.block([[]])"
   ]
  }
 ],
 "metadata": {
  "kernelspec": {
   "display_name": ".venv (3.14.4)",
   "language": "python",
   "name": "python3"
  },
  "language_info": {
   "codemirror_mode": {
    "name": "ipython",
    "version": 3
   },
   "file_extension": ".py",
   "mimetype": "text/x-python",
   "name": "python",
   "nbconvert_exporter": "python",
   "pygments_lexer": "ipython3",
   "version": "3.14.4"
  }
 },
 "nbformat": 4,
 "nbformat_minor": 5
}
